100 400 1000 5000
200 500 2000 20000
300 500 3000 45000
400 500 4000 80000
500 600 5000 125000
600 600 6000 180000
700 600 7000 245000
800 600 8000 320000
900 600 9000 405000
1000 600 10000 500000
1100 700 11000 605000
1200 700 12000 720000
1300 700 13000 845000
1400 700 14000 980000
1500 700 15000 1.125e+06
1600 700 16000 1.28e+06
1700 700 17000 1.445e+06
1800 700 18000 1.62e+06
1900 700 19000 1.805e+06
2000 700 20000 2e+06
2100 700 21000 2.205e+06
2200 700 22000 2.42e+06
2300 700 23000 2.645e+06
2400 700 24000 2.88e+06
2500 700 25000 3.125e+06
2600 700 26000 3.38e+06
2700 700 27000 3.645e+06
2800 700 28000 3.92e+06
2900 700 29000 4.205e+06
3000 800 30000 4.5e+06
3100 800 31000 4.805e+06
3200 800 32000 5.12e+06
3300 800 33000 5.445e+06
3400 800 34000 5.78e+06
3500 800 35000 6.125e+06
3600 800 36000 6.48e+06
3700 800 37000 6.845e+06
3800 800 38000 7.22e+06
3900 800 39000 7.605e+06
4000 800 40000 8e+06
4100 800 41000 8.405e+06
4200 800 42000 8.82e+06
4300 800 43000 9.245e+06
4400 800 44000 9.68e+06
4500 800 45000 1.0125e+07
4600 800 46000 1.058e+07
4700 800 47000 1.1045e+07
4800 800 48000 1.152e+07
4900 800 49000 1.2005e+07
5000 800 50000 1.25e+07
5100 800 51000 1.3005e+07
5200 800 52000 1.352e+07
5300 800 53000 1.4045e+07
5400 800 54000 1.458e+07
5500 800 55000 1.5125e+07
5600 800 56000 1.568e+07
5700 800 57000 1.6245e+07
5800 800 58000 1.682e+07
5900 800 59000 1.7405e+07
6000 800 60000 1.8e+07
6100 800 61000 1.8605e+07
6200 800 62000 1.922e+07
6300 800 63000 1.9845e+07
6400 800 64000 2.048e+07
6500 800 65000 2.1125e+07
6600 800 66000 2.178e+07
6700 800 67000 2.2445e+07
6800 800 68000 2.312e+07
6900 800 69000 2.3805e+07
7000 800 70000 2.45e+07
7100 800 71000 2.5205e+07
7200 800 72000 2.592e+07
7300 800 73000 2.6645e+07
7400 800 74000 2.738e+07
7500 800 75000 2.8125e+07
7600 800 76000 2.888e+07
7700 800 77000 2.9645e+07
7800 800 78000 3.042e+07
7900 800 79000 3.1205e+07
8000 800 80000 3.2e+07
8100 800 81000 3.2805e+07
8200 900 82000 3.362e+07
8300 900 83000 3.4445e+07
8400 900 84000 3.528e+07
8500 900 85000 3.6125e+07
8600 900 86000 3.698e+07
8700 900 87000 3.7845e+07
8800 900 88000 3.872e+07
8900 900 89000 3.9605e+07
9000 900 90000 4.05e+07
9100 900 91000 4.1405e+07
9200 900 92000 4.232e+07
9300 900 93000 4.3245e+07
9400 900 94000 4.418e+07
9500 900 95000 4.5125e+07
9600 900 96000 4.608e+07
9700 900 97000 4.7045e+07
9800 900 98000 4.802e+07
9900 900 99000 4.9005e+07
10000 900 100000 5e+07
